Rojo

1. 66 37 166 37 166 69 66 69    #000000
2. 66 69 166 69 166 103 66 103  #1a0000
3. 66, 103, 166, 103, 166, 134, 66, 134  #330000
4. 66, 134, 166, 134, 166, 168, 66, 168  #4d0000
5. 66, 168, 166, 168, 166, 200, 66, 200  #660000
6. 66, 200, 166, 200, 166, 233, 66, 233  #7f0000
7. 66, 233, 166, 233, 166, 267, 66, 267  #990000
8. 66, 267, 166, 267, 166, 300, 66, 300  #b30000
9. 66, 300, 166, 300, 66, 333, 166, 333  #cc0000
10. 66, 333, 166, 333, 166, 365, 66, 365  #e50000


Verde

1. 169, 37, 269, 37, 269, 69, 169, 69  #000000
2. 169, 69, 269, 69, 269, 103, 169, 103  #001a00
3. 169, 103, 269, 103, 269, 134, 169, 134  #003300
4. 169, 134, 269, 134, 269, 168, 169, 168  #004d00
5. 169, 168, 269, 168, 269, 200, 169, 200  #006600
6. 169, 200, 269, 200, 269, 233, 169, 233  #007f00
7. 169, 233, 269, 233, 269, 267, 169, 267  #009900
8. 169, 267, 269, 267, 269, 300, 169, 300  #00b300 
9. 169, 300, 269, 300, 269, 333, 169, 333  #00cc00
10. 169, 333, 269, 333, 269, 365, 169, 365  #00e500

Azul

1. 272, 37, 372, 37, 372, 69, 272, 69  #000000
2. 272, 69, 372, 69, 372, 103, 272, 103  #00001a
3. 272, 103, 372, 103, 372, 134, 272, 134  #000033
4. 272, 134, 372, 134, 372, 168, 272, 168  #00004d 
5. 272, 168, 372, 168, 372, 200, 272, 200  #000066
6. 272, 200, 372, 200, 372, 233, 272, 233  #00007f
7. 272, 233, 372, 233, 372, 267, 272, 267  #000099
8. 272, 267, 372, 267, 372, 300, 272, 300  #0000b3 
9. 272, 300, 372, 300, 372, 333, 272, 333  #0000cc
10. 272, 333, 372, 333, 372, 365, 272, 365 #0000e5


